
fid =

inputFile.txt

The number of nodes is 4 and the number of elements is 3.
For element 1, the connectivity is 4, 1.
For element 2, the connectivity is 1, 3.
For element 3, the connectivity is 3, 2.
The node number 1 has an x-coordinate of 10.
The node number 2 has an x-coordinate of 30.
The node number 3 has an x-coordinate of 20.
The node number 4 has an x-coordinate of 0.
The Young's modulus is 10000000.000000 psi.
The height is 1.339000 in.
The width is 0.500000 in.
The number of constraints is 4.
The list of dof specified to be zero is [1;5;3;4].
The number of point loads is 1.
The dof and magnitude for each load is 7 and 5.000000 (not sure what the units are).
The assembly vector for element 1 is 7 8 1 2
The assembly vector for element 2 is 1 2 5 6
The assembly vector for element 3 is 5 6 3 4

elementStiffness =

   1.0e+05 *

   0.120036060950000   0.600180304750000  -0.120036060950000   0.600180304750000
   0.600180304750000   4.001202031666667  -0.600180304750000   2.000601015833333
  -0.120036060950000  -0.600180304750000   0.120036060950000  -0.600180304750000
   0.600180304750000   2.000601015833333  -0.600180304750000   4.001202031666667

The unconstrained global stiffness matrix is

unglobalK =

   1.0e+05 *

  Columns 1 through 4

   0.240072121900000                   0                   0                   0
                   0   8.002404063333334                   0                   0
                   0                   0   0.120036060950000  -0.600180304750000
                   0                   0  -0.600180304750000   4.001202031666667
  -0.120036060950000  -0.600180304750000  -0.120036060950000   0.600180304750000
   0.600180304750000   2.000601015833333  -0.600180304750000   2.000601015833333
  -0.120036060950000   0.600180304750000                   0                   0
  -0.600180304750000   2.000601015833333                   0                   0

  Columns 5 through 8

  -0.120036060950000   0.600180304750000  -0.120036060950000  -0.600180304750000
  -0.600180304750000   2.000601015833333   0.600180304750000   2.000601015833333
  -0.120036060950000  -0.600180304750000                   0                   0
   0.600180304750000   2.000601015833333                   0                   0
   0.240072121900000                   0                   0                   0
                   0   8.002404063333334                   0                   0
                   0                   0   0.120036060950000   0.600180304750000
                   0                   0   0.600180304750000   4.001202031666667

The constrained global stiffness matrix. There are values here, but they are invisible without printing out 30 decimal places which I did not do because I assume the grader knows what this is.

globalK =

   1.0e+30 *

  Columns 1 through 4

   1.000000000000000                   0                   0                   0
                   0   0.000000000000000                   0                   0
                   0                   0   1.000000000000000  -0.000000000000000
                   0                   0  -0.000000000000000   1.000000000000000
  -0.000000000000000  -0.000000000000000  -0.000000000000000   0.000000000000000
   0.000000000000000   0.000000000000000  -0.000000000000000   0.000000000000000
  -0.000000000000000   0.000000000000000                   0                   0
  -0.000000000000000   0.000000000000000                   0                   0

  Columns 5 through 8

  -0.000000000000000   0.000000000000000  -0.000000000000000  -0.000000000000000
  -0.000000000000000   0.000000000000000   0.000000000000000   0.000000000000000
  -0.000000000000000  -0.000000000000000                   0                   0
   0.000000000000000   0.000000000000000                   0                   0
   1.000000000000000                   0                   0                   0
                   0   0.000000000000000                   0                   0
                   0                   0   0.000000000000000   0.000000000000000
                   0                   0   0.000000000000000   0.000000000000000

Nodal Displacements

q =

   0.000000000000000
  -0.000142814226052
   0.000000000000000
  -0.000000000000000
  -0.000000000000000
   0.000035703556513
   0.003094308231118
  -0.000392739121642

